测试样本数	面积比例	正常率	异常率
100	0.785398	0.82	0.01
101	0.785398	0.732673	0.049505
102	0.785398	0.764706	0.0196078
103	0.785398	0.796117	0.0291262
104	0.785398	0.759615	0.0288462
105	0.785398	0.742857	0.00952381
106	0.785398	0.754717	0.0188679
107	0.785398	0.813084	0.00934579
108	0.785398	0.768519	0.0185185
109	0.785398	0.697248	0.00917431
110	0.785398	0.854545	0.0181818
111	0.785398	0.72973	0
112	0.785398	0.803571	0.0178571
113	0.785398	0.80531	0.0176991
114	0.785398	0.789474	0
115	0.785398	0.808696	0.026087
116	0.785398	0.689655	0.0431034
117	0.785398	0.726496	0.025641
118	0.785398	0.745763	0.00847458
119	0.785398	0.798319	0.00840336
120	0.785398	0.775	0
121	0.785398	0.752066	0.0247934
122	0.785398	0.762295	0
123	0.785398	0.731707	0.0243902
124	0.785398	0.790323	0.00806452
125	0.785398	0.808	0
126	0.785398	0.746032	0
127	0.785398	0.755906	0.00787402
128	0.785398	0.804688	0.0078125
129	0.785398	0.736434	0
130	0.785398	0.769231	0.00769231
131	0.785398	0.770992	0.0381679
132	0.785398	0.75	0.0227273
133	0.785398	0.774436	0.0150376
134	0.785398	0.746269	0.0149254
135	0.785398	0.8	0
136	0.785398	0.801471	0.0367647
137	0.785398	0.766423	0.00729927
138	0.785398	0.789855	0.00724638
139	0.785398	0.776978	0.00719424
140	0.785398	0.785714	0.00714286
141	0.785398	0.780142	0.0070922
142	0.785398	0.767606	0.0211268
143	0.785398	0.762238	0.020979
144	0.785398	0.763889	0.00694444
145	0.785398	0.772414	0
146	0.785398	0.739726	0
147	0.785398	0.761905	0.00680272
148	0.785398	0.722973	0.0202703
149	0.785398	0.765101	0.033557
150	0.785398	0.706667	0.0133333
151	0.785398	0.768212	0
152	0.785398	0.743421	0.00657895
153	0.785398	0.771242	0.00653595
154	0.785398	0.792208	0.012987
155	0.785398	0.696774	0.00645161
156	0.785398	0.737179	0.00641026
157	0.785398	0.796178	0.00636943
158	0.785398	0.740506	0.0253165
159	0.785398	0.81761	0.0125786
160	0.785398	0.80625	0.01875
161	0.785398	0.813665	0.00621118
162	0.785398	0.777778	0.0123457
163	0.785398	0.803681	0.0184049
164	0.785398	0.77439	0.0182927
165	0.785398	0.781818	0.00606061
166	0.785398	0.73494	0.0240964
167	0.785398	0.778443	0.00598802
168	0.785398	0.785714	0.0178571
169	0.785398	0.822485	0.00591716
170	0.785398	0.811765	0
171	0.785398	0.736842	0.0175439
172	0.785398	0.744186	0.0232558
173	0.785398	0.780347	0.0231214
174	0.785398	0.764368	0.0229885
175	0.785398	0.8	0.00571429
176	0.785398	0.795455	0.0397727
177	0.785398	0.757062	0.0112994
178	0.785398	0.780899	0.0224719
179	0.785398	0.782123	0.0167598
180	0.785398	0.794444	0.00555556
181	0.785398	0.790055	0.0110497
182	0.785398	0.774725	0.00549451
183	0.785398	0.770492	0.010929
184	0.785398	0.782609	0.0217391
185	0.785398	0.756757	0.0324324
186	0.785398	0.801075	0.0107527
187	0.785398	0.705882	0.0160428
188	0.785398	0.771277	0.00531915
189	0.785398	0.740741	0.026455
190	0.785398	0.694737	0.0105263
191	0.785398	0.795812	0.0104712
192	0.785398	0.760417	0.015625
193	0.785398	0.787565	0.0103627
194	0.785398	0.778351	0.00515464
195	0.785398	0.74359	0.0205128
196	0.785398	0.75	0.0204082
197	0.785398	0.741117	0.0101523
198	0.785398	0.777778	0.0151515
199	0.785398	0.809045	0.0100503
200	0.785398	0.785	0.01
201	0.785398	0.751244	0.00995025
202	0.785398	0.792079	0.019802
203	0.785398	0.763547	0.0197044
204	0.785398	0.808824	0.00980392
205	0.785398	0.736585	0.0195122
206	0.785398	0.791262	0.0436893
207	0.785398	0.729469	0.0144928
208	0.785398	0.783654	0.00961538
209	0.785398	0.722488	0.0191388
210	0.785398	0.752381	0.0047619
211	0.785398	0.777251	0.014218
212	0.785398	0.768868	0.0141509
213	0.785398	0.760563	0.0187793
214	0.785398	0.780374	0.0233645
215	0.785398	0.725581	0.0139535
216	0.785398	0.787037	0.0185185
217	0.785398	0.769585	0.0230415
218	0.785398	0.756881	0.0137615
219	0.785398	0.799087	0.0182648
220	0.785398	0.781818	0.00909091
221	0.785398	0.773756	0.0271493
222	0.785398	0.81982	0.00900901
223	0.785398	0.793722	0.00896861
224	0.785398	0.785714	0.0133929
225	0.785398	0.782222	0.00444444
226	0.785398	0.743363	0.0221239
227	0.785398	0.788546	0.00440529
228	0.785398	0.72807	0.00877193
229	0.785398	0.781659	0.00873362
230	0.785398	0.713043	0.026087
231	0.785398	0.757576	0.021645
232	0.785398	0.788793	0.00431034
233	0.785398	0.751073	0.0300429
234	0.785398	0.739316	0.0128205
235	0.785398	0.829787	0.012766
236	0.785398	0.741525	0
237	0.785398	0.738397	0.0253165
238	0.785398	0.789916	0.0210084
239	0.785398	0.794979	0.0167364
240	0.785398	0.783333	0.00833333
241	0.785398	0.755187	0.0207469
242	0.785398	0.785124	0.0206612
243	0.785398	0.753086	0.00411523
244	0.785398	0.790984	0.0122951
245	0.785398	0.75102	0.0163265
246	0.785398	0.739837	0.00406504
247	0.785398	0.728745	0.0121457
248	0.785398	0.762097	0.00806452
249	0.785398	0.746988	0.0120482
250	0.785398	0.74	0.016
251	0.785398	0.760956	0.00796813
252	0.785398	0.801587	0.00396825
253	0.785398	0.790514	0.00395257
254	0.785398	0.704724	0.015748
255	0.785398	0.772549	0.0196078
256	0.785398	0.796875	0.015625
257	0.785398	0.747082	0.0155642
258	0.785398	0.755814	0.0193798
259	0.785398	0.779923	0.00772201
260	0.785398	0.784615	0.00769231
261	0.785398	0.789272	0.0191571
262	0.785398	0.778626	0.00381679
263	0.785398	0.741445	0.0190114
264	0.785398	0.734848	0.0151515
265	0.785398	0.788679	0.00754717
266	0.785398	0.778195	0.0112782
267	0.785398	0.82397	0.011236
268	0.785398	0.809701	0.0223881
269	0.785398	0.806691	0.0223048
270	0.785398	0.781481	0.00740741
271	0.785398	0.778598	0.0184502
272	0.785398	0.742647	0.0220588
273	0.785398	0.791209	0.014652
274	0.785398	0.788321	0.00729927
275	0.785398	0.770909	0.0145455
276	0.785398	0.797101	0
277	0.785398	0.772563	0.0180505
278	0.785398	0.76259	0.0143885
279	0.785398	0.74552	0.0107527
280	0.785398	0.767857	0.0107143
281	0.785398	0.75089	0.0284698
282	0.785398	0.744681	0
283	0.785398	0.780919	0.0106007
284	0.785398	0.785211	0.00352113
285	0.785398	0.785965	0.0175439
286	0.785398	0.800699	0.0174825
287	0.785398	0.738676	0.0278746
288	0.785398	0.784722	0.0104167
289	0.785398	0.733564	0.00346021
290	0.785398	0.765517	0.00344828
291	0.785398	0.756014	0.0137457
292	0.785398	0.767123	0.00342466
293	0.785398	0.78157	0.00341297
294	0.785398	0.772109	0.0102041
295	0.785398	0.766102	0.0305085
296	0.785398	0.763514	0.00337838
297	0.785398	0.76431	0.023569
298	0.785398	0.778523	0.00671141
299	0.785398	0.785953	0.0167224
300	0.785398	0.796667	0.0166667
301	0.785398	0.787375	0.0166113
302	0.785398	0.791391	0.00331126
303	0.785398	0.735974	0.00660066
304	0.785398	0.773026	0.00986842
305	0.785398	0.754098	0.00655738
306	0.785398	0.77451	0.0228758
307	0.785398	0.765472	0.00977199
308	0.785398	0.772727	0.012987
309	0.785398	0.799353	0.012945
310	0.785398	0.732258	0.00967742
311	0.785398	0.765273	0.0096463
312	0.785398	0.772436	0.0384615
313	0.785398	0.779553	0.0127796
314	0.785398	0.742038	0.022293
315	0.785398	0.711111	0.0190476
316	0.785398	0.762658	0.0158228
317	0.785398	0.744479	0.0252366
318	0.785398	0.77673	0.0125786
319	0.785398	0.811912	0.00940439
320	0.785398	0.809375	0.015625
321	0.785398	0.778816	0.0249221
322	0.785398	0.770186	0.0248447
323	0.785398	0.804954	0.0123839
324	0.785398	0.765432	0.0123457
325	0.785398	0.815385	0.00307692
326	0.785398	0.797546	0.00920245
327	0.785398	0.779817	0.0183486
328	0.785398	0.710366	0.0121951
329	0.785398	0.778116	0.0151976
330	0.785398	0.775758	0
331	0.785398	0.749245	0.0241692
332	0.785398	0.746988	0.0210843
333	0.785398	0.768769	0.015015
334	0.785398	0.784431	0.011976
335	0.785398	0.752239	0.0179104
336	0.785398	0.782738	0.014881
337	0.785398	0.744807	0.0148368
338	0.785398	0.781065	0.00887574
339	0.785398	0.784661	0.020649
340	0.785398	0.779412	0.0147059
341	0.785398	0.797654	0.0205279
342	0.785398	0.783626	0.00877193
343	0.785398	0.760933	0.00874636
344	0.785398	0.781977	0.0203488
345	0.785398	0.742029	0.00869565
346	0.785398	0.760116	0.0144509
347	0.785398	0.786744	0.0115274
348	0.785398	0.747126	0.00862069
349	0.785398	0.773639	0.0143266
350	0.785398	0.745714	0.0371429
351	0.785398	0.777778	0.014245
352	0.785398	0.772727	0.0170455
353	0.785398	0.787535	0.0141643
354	0.785398	0.771186	0.0141243
355	0.785398	0.774648	0.0225352
356	0.785398	0.783708	0.00842697
357	0.785398	0.756303	0.0196078
358	0.785398	0.756983	0.0195531
359	0.785398	0.760446	0.0278552
360	0.785398	0.813889	0.00833333
361	0.785398	0.781163	0.0166205
362	0.785398	0.773481	0.0138122
363	0.785398	0.77686	0.0110193
364	0.785398	0.802198	0.0164835
365	0.785398	0.8	0.00547945
366	0.785398	0.778689	0.0245902
367	0.785398	0.768392	0.00544959
368	0.785398	0.774457	0.0108696
369	0.785398	0.739837	0.0216802
370	0.785398	0.816216	0.0135135
371	0.785398	0.768194	0.0107817
372	0.785398	0.774194	0.00268817
373	0.785398	0.756032	0.00268097
374	0.785398	0.708556	0.0187166
375	0.785398	0.762667	0.0213333
376	0.785398	0.707447	0.0239362
377	0.785398	0.785146	0.0238727
378	0.785398	0.761905	0.00793651
379	0.785398	0.781003	0.0237467
380	0.785398	0.739474	0.0184211
381	0.785398	0.784777	0.0183727
382	0.785398	0.790576	0.0026178
383	0.785398	0.788512	0.0104439
384	0.785398	0.786458	0.0208333
385	0.785398	0.768831	0.012987
386	0.785398	0.772021	0.00777202
387	0.785398	0.757106	0.0103359
388	0.785398	0.747423	0.00773196
389	0.785398	0.773779	0.0179949
390	0.785398	0.810256	0.00512821
391	0.785398	0.744246	0.0204604
392	0.785398	0.762755	0.00510204
393	0.785398	0.753181	0.0127226
394	0.785398	0.753807	0.00507614
395	0.785398	0.762025	0.0227848
396	0.785398	0.772727	0.00757576
397	0.785398	0.748111	0.0125945
398	0.785398	0.758794	0.0125628
399	0.785398	0.799499	0.0125313
400	0.785398	0.765	0.0075
401	0.785398	0.760599	0.0174564
402	0.785398	0.78607	0.00746269
403	0.785398	0.791563	0.00744417
404	0.785398	0.772277	0.0148515
405	0.785398	0.785185	0.0197531
406	0.785398	0.768473	0.0123153
407	0.785398	0.749386	0.017199
408	0.785398	0.762255	0.00490196
409	0.785398	0.748166	0.0122249
410	0.785398	0.790244	0.0146341
411	0.785398	0.773723	0.0145985
412	0.785398	0.791262	0.0169903
413	0.785398	0.753027	0.0169492
414	0.785398	0.702899	0.00724638
415	0.785398	0.713253	0.0120482
416	0.785398	0.742788	0.00721154
417	0.785398	0.748201	0.0167866
418	0.785398	0.763158	0.00956938
419	0.785398	0.763723	0.0167064
420	0.785398	0.738095	0.0261905
421	0.785398	0.738717	0.0118765
422	0.785398	0.803318	0.0165877
423	0.785398	0.765957	0.0189125
424	0.785398	0.773585	0.0141509
425	0.785398	0.783529	0.0141176
426	0.785398	0.7723	0.0117371
427	0.785398	0.758782	0.00936768
428	0.785398	0.771028	0.0140187
429	0.785398	0.827506	0.00932401
430	0.785398	0.788372	0.0186047
431	0.785398	0.784223	0.025522
432	0.785398	0.773148	0.00925926
433	0.785398	0.769053	0.0184758
434	0.785398	0.753456	0.0115207
435	0.785398	0.756322	0.0137931
436	0.785398	0.791284	0.0137615
437	0.785398	0.768879	0.01373
438	0.785398	0.771689	0.0159817
439	0.785398	0.76082	0.0296128
440	0.785398	0.786364	0.0113636
441	0.785398	0.773243	0.00680272
442	0.785398	0.769231	0.00226244
443	0.785398	0.792325	0.0180587
444	0.785398	0.72973	0.0292793
445	0.785398	0.764045	0.0179775
446	0.785398	0.757848	0.0269058
447	0.785398	0.778523	0.0178971
448	0.785398	0.767857	0.0223214
449	0.785398	0.783964	0.0178174
450	0.785398	0.782222	0.0111111
451	0.785398	0.747228	0.0133038
452	0.785398	0.785398	0.0265487
453	0.785398	0.763797	0.0154525
454	0.785398	0.759912	0.0154185
455	0.785398	0.764835	0.0175824
456	0.785398	0.75	0.0219298
457	0.785398	0.794311	0.0196937
458	0.785398	0.766376	0.00655022
459	0.785398	0.801743	0.00653595
460	0.785398	0.76087	0.0173913
461	0.785398	0.832972	0.00433839
462	0.785398	0.78355	0.00865801
463	0.785398	0.764579	0.0194384
464	0.785398	0.765086	0.0150862
465	0.785398	0.797849	0.0107527
466	0.785398	0.796137	0.0107296
467	0.785398	0.775161	0.0149893
468	0.785398	0.747863	0.0235043
469	0.785398	0.776119	0.00852878
470	0.785398	0.748936	0.00212766
471	0.785398	0.768577	0.0106157
472	0.785398	0.743644	0.0169492
473	0.785398	0.744186	0.0105708
474	0.785398	0.763713	0.0189873
475	0.785398	0.787368	0.00842105
476	0.785398	0.743697	0.012605
477	0.785398	0.748428	0.0167715
478	0.785398	0.715481	0.0251046
479	0.785398	0.762004	0.0208768
480	0.785398	0.775	0.01875
481	0.785398	0.794179	0.02079
482	0.785398	0.763485	0.0207469
483	0.785398	0.797101	0.0165631
484	0.785398	0.764463	0.0123967
485	0.785398	0.752577	0.0164948
486	0.785398	0.781893	0.0123457
487	0.785398	0.73922	0.0164271
488	0.785398	0.772541	0.0102459
489	0.785398	0.738241	0.0122699
490	0.785398	0.795918	0.00816327
491	0.785398	0.769857	0.00814664
492	0.785398	0.76626	0.0203252
493	0.785398	0.795132	0.010142
494	0.785398	0.771255	0.0121457
495	0.785398	0.785859	0.0121212
496	0.785398	0.804435	0.0100806
497	0.785398	0.794769	0.0140845
498	0.785398	0.751004	0.0220884
499	0.785398	0.751503	0.012024
500	0.785398	0.8	0.01
