创建日期2016/12/21 20:46:06
共340条记录,占比340/1439=0.236275191104934









2015-01-01 00:10:00	703.0000	19.0000	573.0000	579.0000	12.0000
2015-01-01 00:11:00	707.0000	19.0000	577.0000	581.0000	12.0000
2015-01-01 00:12:00	714.0000	20.0000	580.0000	583.0000	12.0000
2015-01-01 00:13:00	725.0000	20.0000	582.0000	583.0000	12.0000
2015-01-01 00:14:00	734.0000	20.0000	584.0000	581.0000	12.0000
2015-01-01 00:15:00	733.0000	20.0000	586.0000	579.0000	12.0000
2015-01-01 00:16:00	728.0000	20.0000	587.0000	576.0000	12.0000
2015-01-01 00:17:00	722.0000	20.0000	589.0000	574.0000	12.0000
2015-01-01 00:18:00	714.0000	20.0000	590.0000	573.0000	12.0000
2015-01-01 00:19:00	718.0000	20.0000	589.0000	572.0000	12.0000










2015-01-01 00:30:00	671.0000	19.0000	586.0000	573.0000	12.0000
2015-01-01 00:31:00	662.0000	19.0000	587.0000	574.0000	12.0000
2015-01-01 00:32:00	660.0000	19.0000	588.0000	574.0000	12.0000
2015-01-01 00:33:00	650.0000	19.0000	590.0000	574.0000	12.0000
2015-01-01 00:34:00	649.0000	19.0000	591.0000	575.0000	12.0000
2015-01-01 00:35:00	647.0000	19.0000	592.0000	575.0000	12.0000
2015-01-01 00:36:00	647.0000	19.0000	593.0000	574.0000	12.0000
2015-01-01 00:37:00	647.0000	19.0000	593.0000	573.0000	12.0000
2015-01-01 00:38:00	648.0000	19.0000	593.0000	571.0000	12.0000
2015-01-01 00:39:00	650.0000	19.0000	592.0000	568.0000	12.0000

























2015-01-01 01:05:00	598.0000	16.0000	568.0000	554.0000	12.0000
2015-01-01 01:06:00	598.0000	16.0000	569.0000	555.0000	12.0000
2015-01-01 01:07:00	604.0000	16.0000	570.0000	555.0000	12.0000
2015-01-01 01:08:00	606.0000	16.0000	569.0000	556.0000	12.0000
2015-01-01 01:09:00	608.0000	16.0000	568.0000	555.0000	12.0000
2015-01-01 01:10:00	607.0000	16.0000	568.0000	555.0000	12.0000
2015-01-01 01:11:00	610.0000	16.0000	568.0000	555.0000	12.0000
2015-01-01 01:12:00	611.0000	16.0000	568.0000	555.0000	12.0000
2015-01-01 01:13:00	608.0000	16.0000	567.0000	554.0000	12.0000
2015-01-01 01:14:00	602.0000	16.0000	567.0000	554.0000	12.0000















2015-01-01 01:30:00	597.0000	16.0000	577.0000	562.0000	11.0000
2015-01-01 01:31:00	598.0000	16.0000	578.0000	562.0000	11.0000
2015-01-01 01:32:00	602.0000	16.0000	579.0000	563.0000	11.0000
2015-01-01 01:33:00	606.0000	16.0000	579.0000	563.0000	11.0000
2015-01-01 01:34:00	608.0000	16.0000	580.0000	564.0000	11.0000
2015-01-01 01:35:00	608.0000	16.0000	582.0000	565.0000	11.0000
2015-01-01 01:36:00	608.0000	16.0000	582.0000	565.0000	11.0000
2015-01-01 01:37:00	604.0000	17.0000	583.0000	564.0000	11.0000
2015-01-01 01:38:00	605.0000	17.0000	583.0000	564.0000	11.0000
2015-01-01 01:39:00	601.0000	17.0000	582.0000	563.0000	11.0000





2015-01-01 01:45:00	607.0000	17.0000	582.0000	567.0000	11.0000
2015-01-01 01:46:00	606.0000	17.0000	583.0000	570.0000	11.0000
2015-01-01 01:47:00	601.0000	17.0000	583.0000	570.0000	11.0000
2015-01-01 01:48:00	594.0000	17.0000	583.0000	570.0000	11.0000
2015-01-01 01:49:00	592.0000	17.0000	583.0000	570.0000	11.0000
2015-01-01 01:50:00	598.0000	17.0000	583.0000	571.0000	11.0000
2015-01-01 01:51:00	602.0000	17.0000	584.0000	571.0000	11.0000
2015-01-01 01:52:00	601.0000	17.0000	585.0000	571.0000	11.0000
2015-01-01 01:53:00	601.0000	17.0000	585.0000	569.0000	11.0000
2015-01-01 01:54:00	598.0000	17.0000	584.0000	568.0000	11.0000




















2015-01-01 02:15:00	586.0000	16.0000	588.0000	568.0000	11.0000
2015-01-01 02:16:00	583.0000	16.0000	589.0000	568.0000	11.0000
2015-01-01 02:17:00	576.0000	16.0000	589.0000	568.0000	11.0000
2015-01-01 02:18:00	569.0000	16.0000	589.0000	569.0000	11.0000
2015-01-01 02:19:00	564.0000	16.0000	589.0000	570.0000	11.0000
2015-01-01 02:20:00	568.0000	16.0000	589.0000	570.0000	11.0000
2015-01-01 02:21:00	567.0000	16.0000	590.0000	572.0000	11.0000
2015-01-01 02:22:00	572.0000	16.0000	590.0000	572.0000	11.0000
2015-01-01 02:23:00	573.0000	16.0000	589.0000	572.0000	11.0000
2015-01-01 02:24:00	572.0000	16.0000	589.0000	570.0000	11.0000
2015-01-01 02:25:00	567.0000	16.0000	589.0000	569.0000	11.0000
2015-01-01 02:26:00	570.0000	16.0000	588.0000	568.0000	11.0000
2015-01-01 02:27:00	575.0000	16.0000	588.0000	568.0000	11.0000
2015-01-01 02:28:00	574.0000	16.0000	587.0000	568.0000	11.0000
2015-01-01 02:29:00	573.0000	16.0000	587.0000	568.0000	11.0000















2015-01-01 02:45:00	570.0000	16.0000	586.0000	567.0000	11.0000
2015-01-01 02:46:00	564.0000	16.0000	586.0000	568.0000	11.0000
2015-01-01 02:47:00	555.0000	16.0000	587.0000	569.0000	11.0000
2015-01-01 02:48:00	560.0000	15.0000	587.0000	570.0000	11.0000
2015-01-01 02:49:00	558.0000	15.0000	588.0000	571.0000	11.0000
2015-01-01 02:50:00	563.0000	15.0000	588.0000	571.0000	11.0000
2015-01-01 02:51:00	561.0000	15.0000	588.0000	570.0000	11.0000
2015-01-01 02:52:00	561.0000	15.0000	588.0000	570.0000	11.0000
2015-01-01 02:53:00	562.0000	15.0000	587.0000	569.0000	11.0000
2015-01-01 02:54:00	553.0000	15.0000	587.0000	568.0000	11.0000
2015-01-01 02:55:00	546.0000	15.0000	587.0000	568.0000	11.0000
2015-01-01 02:56:00	543.0000	15.0000	587.0000	568.0000	11.0000
2015-01-01 02:57:00	551.0000	15.0000	586.0000	568.0000	11.0000
2015-01-01 02:58:00	553.0000	15.0000	586.0000	567.0000	11.0000
2015-01-01 02:59:00	547.0000	15.0000	587.0000	567.0000	11.0000
2015-01-01 03:00:00	551.0000	15.0000	588.0000	568.0000	11.0000
2015-01-01 03:01:00	552.0000	15.0000	588.0000	570.0000	11.0000
2015-01-01 03:02:00	553.0000	15.0000	588.0000	571.0000	11.0000
2015-01-01 03:03:00	551.0000	15.0000	587.0000	572.0000	11.0000
2015-01-01 03:04:00	548.0000	15.0000	586.0000	573.0000	11.0000
2015-01-01 03:05:00	543.0000	15.0000	587.0000	573.0000	11.0000
2015-01-01 03:06:00	544.0000	15.0000	588.0000	574.0000	11.0000
2015-01-01 03:07:00	544.0000	15.0000	590.0000	573.0000	11.0000
2015-01-01 03:08:00	551.0000	15.0000	590.0000	573.0000	11.0000
2015-01-01 03:09:00	548.0000	15.0000	591.0000	572.0000	11.0000




















2015-01-01 03:30:00	545.0000	15.0000	587.0000	572.0000	10.0000
2015-01-01 03:31:00	545.0000	15.0000	587.0000	573.0000	10.0000
2015-01-01 03:32:00	533.0000	15.0000	588.0000	574.0000	10.0000
2015-01-01 03:33:00	534.0000	15.0000	589.0000	575.0000	10.0000
2015-01-01 03:34:00	529.0000	15.0000	589.0000	575.0000	10.0000
2015-01-01 03:35:00	533.0000	15.0000	588.0000	574.0000	10.0000
2015-01-01 03:36:00	529.0000	15.0000	587.0000	572.0000	10.0000
2015-01-01 03:37:00	531.0000	15.0000	587.0000	571.0000	10.0000
2015-01-01 03:38:00	537.0000	15.0000	587.0000	570.0000	10.0000
2015-01-01 03:39:00	535.0000	15.0000	587.0000	569.0000	10.0000




























































2015-01-01 04:40:00	518.0000	14.0000	586.0000	569.0000	10.0000
2015-01-01 04:41:00	516.0000	14.0000	585.0000	569.0000	10.0000
2015-01-01 04:42:00	507.0000	14.0000	585.0000	569.0000	10.0000
2015-01-01 04:43:00	509.0000	14.0000	585.0000	569.0000	10.0000
2015-01-01 04:44:00	506.0000	14.0000	585.0000	568.0000	10.0000
2015-01-01 04:45:00	515.0000	14.0000	586.0000	569.0000	10.0000
2015-01-01 04:46:00	511.0000	14.0000	586.0000	569.0000	10.0000
2015-01-01 04:47:00	510.0000	14.0000	586.0000	569.0000	10.0000
2015-01-01 04:48:00	508.0000	14.0000	586.0000	569.0000	10.0000
2015-01-01 04:49:00	511.0000	14.0000	585.0000	568.0000	10.0000













































2015-01-01 05:35:00	525.0000	14.0000	590.0000	572.0000	10.0000
2015-01-01 05:36:00	520.0000	14.0000	590.0000	572.0000	10.0000
2015-01-01 05:37:00	509.0000	14.0000	590.0000	572.0000	9.0000
2015-01-01 05:38:00	505.0000	14.0000	590.0000	573.0000	9.0000
2015-01-01 05:39:00	503.0000	14.0000	590.0000	574.0000	9.0000
2015-01-01 05:40:00	502.0000	14.0000	590.0000	573.0000	9.0000
2015-01-01 05:41:00	511.0000	14.0000	589.0000	572.0000	9.0000
2015-01-01 05:42:00	511.0000	14.0000	589.0000	571.0000	9.0000
2015-01-01 05:43:00	511.0000	14.0000	590.0000	571.0000	9.0000
2015-01-01 05:44:00	510.0000	14.0000	590.0000	571.0000	9.0000





2015-01-01 05:50:00	519.0000	14.0000	588.0000	570.0000	9.0000
2015-01-01 05:51:00	514.0000	14.0000	588.0000	570.0000	9.0000
2015-01-01 05:52:00	513.0000	14.0000	588.0000	570.0000	9.0000
2015-01-01 05:53:00	515.0000	14.0000	588.0000	570.0000	9.0000
2015-01-01 05:54:00	516.0000	14.0000	588.0000	570.0000	9.0000
2015-01-01 05:55:00	508.0000	14.0000	588.0000	570.0000	9.0000
2015-01-01 05:56:00	504.0000	14.0000	588.0000	570.0000	9.0000
2015-01-01 05:57:00	507.0000	14.0000	588.0000	570.0000	9.0000
2015-01-01 05:58:00	512.0000	14.0000	588.0000	570.0000	9.0000
2015-01-01 05:59:00	512.0000	14.0000	588.0000	570.0000	9.0000








































2015-01-01 06:40:00	530.0000	15.0000	591.0000	574.0000	9.0000
2015-01-01 06:41:00	539.0000	15.0000	591.0000	573.0000	9.0000
2015-01-01 06:42:00	540.0000	15.0000	591.0000	574.0000	9.0000
2015-01-01 06:43:00	545.0000	15.0000	591.0000	576.0000	9.0000
2015-01-01 06:44:00	551.0000	15.0000	592.0000	577.0000	9.0000
2015-01-01 06:45:00	555.0000	15.0000	592.0000	577.0000	9.0000
2015-01-01 06:46:00	551.0000	15.0000	593.0000	577.0000	9.0000
2015-01-01 06:47:00	549.0000	15.0000	593.0000	577.0000	9.0000
2015-01-01 06:48:00	542.0000	15.0000	593.0000	578.0000	9.0000
2015-01-01 06:49:00	544.0000	15.0000	593.0000	577.0000	9.0000
2015-01-01 06:50:00	548.0000	15.0000	593.0000	576.0000	9.0000
2015-01-01 06:51:00	544.0000	15.0000	593.0000	576.0000	9.0000
2015-01-01 06:52:00	543.0000	15.0000	593.0000	575.0000	9.0000
2015-01-01 06:53:00	547.0000	15.0000	592.0000	575.0000	9.0000
2015-01-01 06:54:00	553.0000	15.0000	592.0000	575.0000	9.0000








































2015-01-01 07:35:00	576.0000	16.0000	577.0000	568.0000	9.0000
2015-01-01 07:36:00	572.0000	16.0000	577.0000	568.0000	9.0000
2015-01-01 07:37:00	567.0000	16.0000	576.0000	567.0000	9.0000
2015-01-01 07:38:00	565.0000	16.0000	576.0000	567.0000	9.0000
2015-01-01 07:39:00	564.0000	16.0000	576.0000	567.0000	9.0000
2015-01-01 07:40:00	566.0000	16.0000	577.0000	568.0000	9.0000
2015-01-01 07:41:00	573.0000	16.0000	577.0000	568.0000	9.0000
2015-01-01 07:42:00	571.0000	16.0000	577.0000	567.0000	9.0000
2015-01-01 07:43:00	567.0000	16.0000	577.0000	566.0000	9.0000
2015-01-01 07:44:00	567.0000	16.0000	576.0000	565.0000	9.0000
















































































2015-01-01 09:05:00	530.0000	15.0000	590.0000	572.0000	9.0000
2015-01-01 09:06:00	538.0000	15.0000	590.0000	573.0000	9.0000
2015-01-01 09:07:00	527.0000	15.0000	590.0000	573.0000	9.0000
2015-01-01 09:08:00	524.0000	15.0000	590.0000	572.0000	9.0000
2015-01-01 09:09:00	524.0000	15.0000	590.0000	570.0000	9.0000
2015-01-01 09:10:00	514.0000	15.0000	589.0000	569.0000	9.0000
2015-01-01 09:11:00	515.0000	15.0000	589.0000	568.0000	9.0000
2015-01-01 09:12:00	518.0000	15.0000	589.0000	568.0000	9.0000
2015-01-01 09:13:00	524.0000	15.0000	590.0000	569.0000	9.0000
2015-01-01 09:14:00	524.0000	15.0000	590.0000	570.0000	9.0000
2015-01-01 09:15:00	525.0000	15.0000	591.0000	571.0000	9.0000
2015-01-01 09:16:00	526.0000	15.0000	591.0000	572.0000	9.0000
2015-01-01 09:17:00	519.0000	15.0000	591.0000	572.0000	9.0000
2015-01-01 09:18:00	515.0000	15.0000	590.0000	571.0000	9.0000
2015-01-01 09:19:00	520.0000	15.0000	589.0000	570.0000	9.0000

































































2015-01-01 10:25:00	589.0000	15.0000	591.0000	579.0000	9.0000
2015-01-01 10:26:00	594.0000	16.0000	591.0000	579.0000	9.0000
2015-01-01 10:27:00	596.0000	16.0000	590.0000	579.0000	9.0000
2015-01-01 10:28:00	585.0000	16.0000	590.0000	578.0000	9.0000
2015-01-01 10:29:00	577.0000	16.0000	590.0000	578.0000	9.0000
2015-01-01 10:30:00	575.0000	16.0000	590.0000	578.0000	9.0000
2015-01-01 10:31:00	583.0000	16.0000	590.0000	578.0000	9.0000
2015-01-01 10:32:00	588.0000	16.0000	591.0000	579.0000	9.0000
2015-01-01 10:33:00	592.0000	16.0000	591.0000	580.0000	9.0000
2015-01-01 10:34:00	585.0000	16.0000	590.0000	580.0000	9.0000


































































































































2015-01-01 12:45:00	573.0000	16.0000	577.0000	568.0000	10.0000
2015-01-01 12:46:00	564.0000	16.0000	577.0000	568.0000	10.0000
2015-01-01 12:47:00	568.0000	16.0000	577.0000	567.0000	10.0000
2015-01-01 12:48:00	562.0000	16.0000	578.0000	567.0000	10.0000
2015-01-01 12:49:00	561.0000	16.0000	579.0000	568.0000	10.0000
2015-01-01 12:50:00	569.0000	16.0000	579.0000	568.0000	10.0000
2015-01-01 12:51:00	567.0000	16.0000	580.0000	567.0000	10.0000
2015-01-01 12:52:00	566.0000	16.0000	579.0000	566.0000	10.0000
2015-01-01 12:53:00	569.0000	16.0000	579.0000	565.0000	10.0000
2015-01-01 12:54:00	567.0000	15.0000	578.0000	564.0000	10.0000










2015-01-01 13:05:00	546.0000	15.0000	580.0000	566.0000	10.0000
2015-01-01 13:06:00	546.0000	15.0000	580.0000	566.0000	10.0000
2015-01-01 13:07:00	540.0000	15.0000	580.0000	566.0000	10.0000
2015-01-01 13:08:00	537.0000	15.0000	580.0000	564.0000	10.0000
2015-01-01 13:09:00	536.0000	15.0000	580.0000	562.0000	10.0000
2015-01-01 13:10:00	528.0000	15.0000	580.0000	561.0000	10.0000
2015-01-01 13:11:00	535.0000	15.0000	579.0000	561.0000	10.0000
2015-01-01 13:12:00	530.0000	15.0000	579.0000	561.0000	10.0000
2015-01-01 13:13:00	538.0000	15.0000	579.0000	560.0000	10.0000
2015-01-01 13:14:00	539.0000	15.0000	579.0000	561.0000	10.0000



































2015-01-01 13:50:00	501.0031	14.1136	577.1636	559.5682	9.9991
2015-01-01 13:51:00	496.1694	14.1341	577.0473	559.4991	9.9505
2015-01-01 13:52:00	502.7613	14.1256	576.9845	558.9028	10.0000
2015-01-01 13:53:00	509.8499	14.0582	576.9218	558.5572	10.0000
2015-01-01 13:54:00	509.7488	14.0018	576.9372	558.6823	10.0000
2015-01-01 13:55:00	509.6969	14.0073	576.9940	559.0384	10.0000
2015-01-01 13:56:00	507.9929	14.0128	577.0508	559.3353	10.0000
2015-01-01 13:57:00	508.3133	14.0182	577.1495	559.5266	10.0111
2015-01-01 13:58:00	512.4905	14.0237	577.5219	560.3049	10.0226
2015-01-01 13:59:00	502.3811	13.9854	577.7346	560.3029	10.0341













































2015-01-01 14:45:00	521.0000	14.0000	578.0000	564.0000	10.0000
2015-01-01 14:46:00	522.0000	14.0000	578.0000	565.0000	10.0000
2015-01-01 14:47:00	522.0000	14.0000	579.0000	565.0000	10.0000
2015-01-01 14:48:00	521.0000	14.0000	579.0000	565.0000	10.0000
2015-01-01 14:49:00	526.0000	14.0000	578.0000	564.0000	10.0000
2015-01-01 14:50:00	521.0000	14.0000	578.0000	564.0000	10.0000
2015-01-01 14:51:00	530.0000	14.0000	578.0000	563.0000	10.0000
2015-01-01 14:52:00	533.0000	14.0000	578.0000	564.0000	10.0000
2015-01-01 14:53:00	524.0000	14.0000	578.0000	563.0000	10.0000
2015-01-01 14:54:00	522.0000	14.0000	577.0000	562.0000	10.0000













































2015-01-01 15:40:00	531.0000	15.0000	578.0000	565.0000	10.0000
2015-01-01 15:41:00	530.0000	15.0000	579.0000	566.0000	10.0000
2015-01-01 15:42:00	539.0000	15.0000	579.0000	567.0000	10.0000
2015-01-01 15:43:00	545.0000	15.0000	579.0000	568.0000	10.0000
2015-01-01 15:44:00	546.0000	15.0000	579.0000	568.0000	10.0000
2015-01-01 15:45:00	544.0000	15.0000	580.0000	569.0000	10.0000
2015-01-01 15:46:00	535.0000	15.0000	580.0000	568.0000	10.0000
2015-01-01 15:47:00	544.0000	15.0000	580.0000	568.0000	10.0000
2015-01-01 15:48:00	543.0000	15.0000	581.0000	568.0000	10.0000
2015-01-01 15:49:00	540.0000	15.0000	581.0000	570.0000	10.0000









































































































2015-01-01 17:35:00	675.0000	18.0000	598.0000	592.0000	10.0000
2015-01-01 17:36:00	676.0000	18.0000	599.0000	593.0000	10.0000
2015-01-01 17:37:00	678.0000	18.0000	600.0000	593.0000	10.0000
2015-01-01 17:38:00	682.0000	18.0000	601.0000	593.0000	10.0000
2015-01-01 17:39:00	684.0000	18.0000	602.0000	593.0000	10.0000
2015-01-01 17:40:00	680.0000	18.0000	602.0000	594.0000	10.0000
2015-01-01 17:41:00	680.0000	18.0000	601.0000	595.0000	10.0000
2015-01-01 17:42:00	672.0000	18.0000	601.0000	594.0000	10.0000
2015-01-01 17:43:00	670.0000	19.0000	601.0000	593.0000	10.0000
2015-01-01 17:44:00	683.0000	19.0000	601.0000	593.0000	10.0000




















2015-01-01 18:05:00	682.0000	19.0000	590.0000	585.0000	10.0000
2015-01-01 18:06:00	679.0000	19.0000	589.0000	585.0000	10.0000
2015-01-01 18:07:00	688.0000	19.0000	588.0000	585.0000	10.0000
2015-01-01 18:08:00	693.0000	19.0000	588.0000	583.0000	10.0000
2015-01-01 18:09:00	698.0000	19.0000	588.0000	582.0000	10.0000
2015-01-01 18:10:00	688.0000	19.0000	587.0000	580.0000	10.0000
2015-01-01 18:11:00	683.0000	19.0000	587.0000	579.0000	10.0000
2015-01-01 18:12:00	681.0000	19.0000	586.0000	580.0000	10.0000
2015-01-01 18:13:00	683.0000	19.0000	586.0000	580.0000	10.0000
2015-01-01 18:14:00	687.0000	18.0000	586.0000	581.0000	10.0000
2015-01-01 18:15:00	683.0000	18.0000	586.0000	583.0000	10.0000
2015-01-01 18:16:00	681.0000	18.0000	586.0000	583.0000	10.0000
2015-01-01 18:17:00	683.0000	18.0000	584.0000	582.0000	10.0000
2015-01-01 18:18:00	678.0000	18.0000	585.0000	581.0000	10.0000
2015-01-01 18:19:00	674.0000	18.0000	584.0000	579.0000	10.0000
2015-01-01 18:20:00	677.0000	18.0000	584.0000	578.0000	10.0000
2015-01-01 18:21:00	676.0000	18.0000	586.0000	580.0000	10.0000
2015-01-01 18:22:00	677.0000	18.0000	587.0000	582.0000	10.0000
2015-01-01 18:23:00	674.0000	18.0000	589.0000	583.0000	10.0000
2015-01-01 18:24:00	676.0000	18.0000	589.0000	584.0000	10.0000








































2015-01-01 19:05:00	680.0000	19.0000	602.0000	587.0000	10.0000
2015-01-01 19:06:00	685.0000	19.0000	601.0000	587.0000	10.0000
2015-01-01 19:07:00	673.0000	19.0000	600.0000	585.0000	10.0000
2015-01-01 19:08:00	676.0000	19.0000	600.0000	584.0000	10.0000
2015-01-01 19:09:00	676.0000	19.0000	599.0000	583.0000	10.0000
2015-01-01 19:10:00	675.0000	19.0000	599.0000	582.0000	10.0000
2015-01-01 19:11:00	679.0000	19.0000	599.0000	581.0000	10.0000
2015-01-01 19:12:00	678.0000	19.0000	599.0000	579.0000	10.0000
2015-01-01 19:13:00	675.0000	19.0000	599.0000	579.0000	10.0000
2015-01-01 19:14:00	676.0000	19.0000	599.0000	578.0000	10.0000
2015-01-01 19:15:00	675.0000	19.0000	600.0000	578.0000	10.0000
2015-01-01 19:16:00	672.0000	19.0000	601.0000	578.0000	10.0000
2015-01-01 19:17:00	679.0000	19.0000	601.0000	578.0000	10.0000
2015-01-01 19:18:00	682.0000	19.0000	600.0000	580.0000	10.0000
2015-01-01 19:19:00	685.0000	19.0000	600.0000	580.0000	10.0000
2015-01-01 19:20:00	686.0000	19.0000	599.0000	581.0000	10.0000
2015-01-01 19:21:00	679.0000	19.0000	598.0000	580.0000	10.0000
2015-01-01 19:22:00	674.0000	19.0000	597.0000	578.0000	10.0000
2015-01-01 19:23:00	674.0000	19.0000	597.0000	579.0000	10.0000
2015-01-01 19:24:00	680.0000	19.0000	597.0000	580.0000	10.0000
























































































































2015-01-01 21:25:00	658.0000	18.0000	600.0000	583.0000	10.0000
2015-01-01 21:26:00	663.0000	18.0000	600.0000	584.0000	10.0000
2015-01-01 21:27:00	661.0000	18.0000	601.0000	584.0000	10.0000
2015-01-01 21:28:00	654.0000	18.0000	601.0000	583.0000	10.0000
2015-01-01 21:29:00	650.0000	18.0000	600.0000	582.0000	10.0000
2015-01-01 21:30:00	650.0000	18.0000	600.0000	581.0000	10.0000
2015-01-01 21:31:00	655.0000	18.0000	600.0000	581.0000	10.0000
2015-01-01 21:32:00	652.0000	18.0000	600.0000	582.0000	10.0000
2015-01-01 21:33:00	647.0000	18.0000	600.0000	583.0000	10.0000
2015-01-01 21:34:00	656.0000	18.0000	601.0000	583.0000	10.0000





2015-01-01 21:40:00	650.0000	18.0000	601.0000	583.0000	10.0000
2015-01-01 21:41:00	650.0000	18.0000	601.0000	583.0000	10.0000
2015-01-01 21:42:00	658.0000	18.0000	600.0000	583.0000	10.0000
2015-01-01 21:43:00	663.0000	18.0000	600.0000	584.0000	10.0000
2015-01-01 21:44:00	662.0000	18.0000	601.0000	584.0000	10.0000
2015-01-01 21:45:00	661.0000	18.0000	601.0000	582.0000	10.0000
2015-01-01 21:46:00	650.0000	18.0000	601.0000	581.0000	10.0000
2015-01-01 21:47:00	655.0000	18.0000	601.0000	581.0000	10.0000
2015-01-01 21:48:00	660.0000	18.0000	602.0000	582.0000	10.0000
2015-01-01 21:49:00	667.0000	18.0000	602.0000	583.0000	10.0000



































2015-01-01 22:25:00	703.0000	19.0000	601.0000	589.0000	10.0000
2015-01-01 22:26:00	697.0000	19.0000	601.0000	589.0000	10.0000
2015-01-01 22:27:00	687.0000	19.0000	601.0000	588.0000	10.0000
2015-01-01 22:28:00	683.0000	19.0000	600.0000	586.0000	9.0000
2015-01-01 22:29:00	678.0000	19.0000	600.0000	586.0000	9.0000
2015-01-01 22:30:00	682.0000	19.0000	600.0000	587.0000	9.0000
2015-01-01 22:31:00	683.0000	19.0000	601.0000	588.0000	10.0000
2015-01-01 22:32:00	688.0000	19.0000	602.0000	588.0000	10.0000
2015-01-01 22:33:00	684.0000	19.0000	602.0000	587.0000	10.0000
2015-01-01 22:34:00	679.0000	19.0000	601.0000	586.0000	10.0000










2015-01-01 22:45:00	663.0000	18.0000	598.0000	577.0000	10.0000
2015-01-01 22:46:00	663.0000	18.0000	599.0000	578.0000	10.0000
2015-01-01 22:47:00	651.0000	18.0000	599.0000	578.0000	9.0000
2015-01-01 22:48:00	647.0000	18.0000	599.0000	578.0000	9.0000
2015-01-01 22:49:00	643.0000	18.0000	598.0000	577.0000	9.0000
2015-01-01 22:50:00	645.0000	18.0000	597.0000	575.0000	9.0000
2015-01-01 22:51:00	654.0000	18.0000	597.0000	576.0000	9.0000
2015-01-01 22:52:00	649.0000	18.0000	597.0000	577.0000	9.0000
2015-01-01 22:53:00	649.0000	18.0000	597.0000	577.0000	9.0000
2015-01-01 22:54:00	650.0000	18.0000	596.0000	577.0000	9.0000
2015-01-01 22:55:00	639.0000	18.0000	596.0000	576.0000	9.0000
2015-01-01 22:56:00	634.0000	18.0000	594.0000	574.0000	10.0000
2015-01-01 22:57:00	633.0000	18.0000	592.0000	573.0000	10.0000
2015-01-01 22:58:00	639.0000	18.0000	591.0000	573.0000	9.0000
2015-01-01 22:59:00	637.0000	18.0000	592.0000	574.0000	9.0000
2015-01-01 23:00:00	627.0000	18.0000	592.0000	574.0000	9.0000
2015-01-01 23:01:00	621.0000	18.0000	592.0000	574.0000	9.0000
2015-01-01 23:02:00	630.0000	17.0000	591.0000	574.0000	9.0000
2015-01-01 23:03:00	629.0000	17.0000	591.0000	574.0000	9.0000
2015-01-01 23:04:00	631.0000	17.0000	591.0000	573.0000	9.0000
2015-01-01 23:05:00	619.0000	18.0000	592.0000	573.0000	9.0000
2015-01-01 23:06:00	608.0000	17.0000	593.0000	573.0000	9.0000
2015-01-01 23:07:00	614.0000	17.0000	593.0000	573.0000	9.0000
2015-01-01 23:08:00	610.0000	17.0000	594.0000	572.0000	9.0000
2015-01-01 23:09:00	612.0000	17.0000	593.0000	572.0000	9.0000
2015-01-01 23:10:00	609.0000	17.0000	593.0000	572.0000	9.0000
2015-01-01 23:11:00	604.0000	17.0000	592.0000	572.0000	9.0000
2015-01-01 23:12:00	606.0000	17.0000	591.0000	572.0000	9.0000
2015-01-01 23:13:00	609.0000	17.0000	591.0000	572.0000	9.0000
2015-01-01 23:14:00	613.0000	17.0000	591.0000	571.0000	9.0000













































