lofk
0.714183788743832
0.556214596730394
2.32767142192412
1.50019260716408
6.4690879033835
1.90428091783391
0.631085413927833
1.67995423082968
0.661171461820078
1.3363937827883
1.16686073192624
1.06084800227158
2.6259924686753
2.37747041282822
1.18643290414166
1.59075058375606
1.62440693506063
1.13128239937781
1.24242685619496
1.08538937686928
1.24329030133241
1.11765967221835
1.0367894350828
1.40978298494994
0.723788558090546
1.62539305994523
1.0076704704861
1.05104200266962
1.16253200449403
0.921974582925414
1.06334366433784
6.18446565912747
10.0175726269265
1.28292176566646
0.711219597294515
0.904674381816824
1.21339851199078
0.791101146172574
1.22521453453579
1.49894772078817
1.72255328691614
1.22621442330705
0.840682630892775
1.07907306342276
0.926246535273065
1.44369060403728
3.34399310165688
2.88758089887586
1.28107776450416
0.66280812436435
1.4509939441733
0.811041993772923
2.01758685440305
1.30133584708365
1.44853757274469
1.80353537758053
1.05766596133671
1.72385145924108
0.944769376122585
0.959674118384803
1.19767298076548
1.33642721840258
5.86569352627578
1.24642653578002
0.766889326430888
1.15086356711087
1.55851377656395
1.37659498102029
0.772543650584875
1.25123912935574
1.13796043804186
1.18549140604068
1.97513360850369
0.880851244762275
1.63968081704014
1.11600966232442
0.72179025033372
0.850840635978914
1.80141502018125
0.960443090035564
0.81821110943533
0.888069021901864
0.930567820783877
0.942676920372359
1.14046142080203
1.63198014533495
1.20867373379971
1.53827536274483
2.19440829836776
1.21927503347109
1.09399966367342
1.00664104735403
1.0840612994311
1.20012771845167
0.963368811126407
0.832911229060608
1.05702278240562
0.655210792002295
1.19399000315123
0.771826753761894
1.08241920295414
1.65970203340774
2.71353904636244
0.704495604165107
0.838169294061313
0.965616431386079
1.1968826747719
1.49349306410971
1.01619281738464
1.78836512542345
1.34094709184769
0.810791072997109
1.063312993482
1.15128377262502
1.55385080426991
0.96005639664451
1.13948301596147
1.21227425297254
0.903594397635542
1.03340467603788
1.45661623569659
0.684455095862328
0.801820517805599
1.92882647314953
1.07460900635881
0.986204201008629
1.09124722719776
0.913512373032714
1.49988201922525
1.47492177625525
1.30669198544858
2.45443445677152
1.18890428063111
1.94902563216556
0.961189220570721
1.52599500836121
3.37695884630251
1.5251588792568
2.1287550862057
1.9837187582099
0.83664530399355
1.0037873883973
0.858296595731977
1.27341272130025
0.904450441647985
1.48030849317689
7.20525085562067
1.19346616756204
1.84281829387651
1.39503105268061
1.29898946150809
0.912373799747521
0.985006092667182
0.802098584951423
8.00236671582534
1.52214651157467
0.856733060220202
1.0836197734467
1.49101461634013
1.57293755987023
1.33171308952128
0.919960682248111
0.831566220992255
1.01242464682415
4.86282234841821
7.82712128267566
3.11309732510642
3.5453913583587
0.747455365302991
2.16280418459995
0.975566364240055
1.15068626216361
0.893219265086513
0.869812515171546
1.16321500398676
1.54460066752179
1.13472375884446
2.91733531671212
3.73412647747167
4.82688801318145
1.58421006006035
1.10206736190673
0.939308859177014
0.855502888399932
1.15761607633793
0.846077090856407
1.48239796747316
0.753382177833564
0.913473677208327
2.17586385732445
1.0479359754287
0.876989945633379
1.42072627010768
1.2884750369771
0.841457192439722
1.67410376682105
1.09355887998561
0.721700240680952
1.46566320946931
1.20311620330187
