lofk
0.714183788743832
0.556214596730394
2.32767142192412
1.50019260716408
6.4690879033835
1.90428091783391
0.631085413927833
1.67995423082968
0.661171461820078
1.3363937827883
1.16686073192624
1.06084800227158
2.6259924686753
2.37747041282822
1.18643290414166
1.59075058375606
1.62440693506063
1.13128239937781
1.24242685619496
1.08538937686928
1.24329030133241
1.11765967221835
1.0367894350828
1.40978298494994
0.723788558090546
1.62539305994523
1.0076704704861
1.05104200266962
1.16253200449403
0.921974582925414
1.06334366433784
6.18446565912747
10.0175726269265
1.28292176566646
0.711219597294515
0.904674381816824
1.21339851199078
0.791101146172574
1.22521453453579
1.49894772078817
1.72255328691614
1.22621442330705
0.840682630892775
1.07907306342276
0.926246535273065
1.44369060403728
3.34399310165688
2.88758089887586
1.28107776450416
0.66280812436435
1.4509939441733
0.811041993772923
2.01758685440305
1.30133584708365
1.44853757274469
1.80353537758053
1.05766596133671
1.72385145924108
0.944769376122585
0.959674118384803
1.19767298076548
1.33642721840258
5.86569352627578
1.24642653578002
0.766889326430888
1.15086356711087
1.55851377656395
1.37659498102029
0.772543650584875
1.25123912935574
1.13796043804186
1.18549140604068
1.97513360850369
0.880851244762275
1.63968081704014
1.11600966232442
0.72179025033372
0.850840635978914
1.80141502018125
0.960443090035564
0.81821110943533
0.888069021901864
0.930567820783877
0.942676920372359
1.14046142080203
1.63198014533495
1.20867373379971
1.53827536274483
2.19440829836776
1.21927503347109
1.09399966367342
1.00664104735403
1.0840612994311
1.20012771845167
0.963368811126407
0.832911229060608
1.05702278240562
0.655210792002295
1.19399000315123
0.771826753761894
1.08241920295414
1.65970203340774
2.71353904636244
0.704495604165107
0.838169294061313
0.965616431386079
1.1968826747719
1.49349306410971
1.01619281738464
1.78836512542345
1.34094709184769
0.810791072997109
1.063312993482
1.15128377262502
1.55385080426991
0.96005639664451
1.13948301596147
1.21227425297254
0.903594397635542
1.03340467603788
1.45661623569659
0.684455095862328
0.801820517805599
1.92882647314953
1.07460900635881
0.986204201008629
1.09124722719776
0.913512373032714
1.49988201922525
1.47492177625525
1.30669198544858
2.45443445677152
1.18890428063111
1.94902563216556
0.961189220570721
1.52599500836121
3.37695884630251
1.5251588792568
2.1287550862057
1.9837187582099
0.83664530399355
1.0037873883973
0.858296595731977
1.27341272130025
0.904450441647985
1.48030849317689
7.20525085562067
1.19346616756204
1.84281829387651
1.39503105268061
1.29898946150809
0.912373799747521
0.985006092667182
0.802098584951423
8.00236671582534
1.52214651157467
0.856733060220202
1.0836197734467
1.49101461634013
1.57293755987023
1.33171308952128
0.919960682248111
0.831566220992255
1.01242464682415
4.86282234841821
7.82712128267566
3.11309732510642
3.5453913583587
0.747455365302991
2.16280418459995
0.975566364240055
1.15068626216361
0.893219265086513
0.869812515171546
1.16321500398676
1.54460066752179
1.13472375884446
2.91733531671212
3.73412647747167
4.82688801318145
1.58421006006035
1.10206736190673
0.939308859177014
0.855502888399932
1.15761607633793
0.846077090856407
1.48239796747316
0.753382177833564
0.913473677208327
2.17586385732445
1.0479359754287
0.876989945633379
1.06620435487488
1.13681995598136
0.841457192439722
1.67410376682105
1.14828800440081
0.800793365468431
0.960427927831868
1.00005426393179
1.21408109716942
1.2908839073598
1.01565053785073
1.72245834308325
1.40927509640453
1.14523753241817
3.15636654071663
1.29772082656075
1.71147809850779
1.54167923642893
1.05235605687578
0.68125561663431
1.08792631635672
0.730414289763625
2.00010498494515
1.15794985771915
1.12162484394842
0.951254593787125
1.8700414790594
0.891347413665156
1.5903207295495
0.926196448686386
1.60081654608979
0.96415969936606
1.82306271368912
0.974205135629272
1.84225927698182
1.27907553448287
0.653068002429164
0.849131842969583
1.394865144643
0.936819259934196
0.838191512364649
1.28418088446724
1.71215897793158
1.25912815652693
2.11250937431737
2.71388120786333
0.927165415019641
1.39192014057465
1.29392309090514
1.33277699829173
0.681924052216194
3.59206262727647
6.7425841264327
1.47353443275861
4.58875225446515
3.94371956335793
1.28793805748517
3.18461628880964
1.81111023147996
0.838979133078681
0.897341259224757
1.10201275683019
1.75994063298743
2.19691500390146
0.810496048274293
0.742334839124932
1.00079493658879
0.83414811595037
1.0737351678404
0.965579306565669
0.965579306565669
0.868399397931263
1.020299105135
1.84947886153901
0.913584468660402
0.880908421597195
1.11876039807979
0.895798930734424
7.46391404320498
1.99094307174475
1.01349721775754
1.16405825680382
2.27135824946505
0.910954188916603
0.802210349490353
1.05590333734541
1.07376960510362
1.48224681086889
1.7285185058876
0.956445053515635
0.896653807354325
0.853582738952543
2.75073159893402
1.13721452138387
1.42057505181677
0.88848741204462
0.919521548107144
1.0597078220231
1.69450989179401
0.842658803812511
1.02392972611924
0.880669625858788
1.44220764238224
1.40624227293298
1.09745604355622
1.51236367806932
1.85945866901154
1.20543083530208
