lofk
1.49988201922525
1.49894772078817
1.49349306410971
1.43091453170696
1.48239796747316
2.69641256145628
1.48030849317689
1.73030843327224
2.96467811607019
1.45661623569659
1.4138555536043
2.14891458697657
3.21011346443306
1.3265910047909
1.32887459566053
0.72694573520667
6.95302542866202
1.29296756669796
2.52208245437415
1.394865144643
1.17033678343216
1.37659498102029
1.08432747791076
2.45636283163328
1.08445061336668
1.76876512816792
1.33171308952128
2.21696133251896
5.59073131767752
1.17993196454062
1.95670194434493
1.30411626513949
1.2908839073598
2.69754829521722
1.28418088446724
1.28292176566646
1.54542340749095
1.71539181026699
1.14872269143761
1.95136921236182
1.25123912935574
0.891661598944832
1.24329030133241
1.15554408808365
3.11076416413348
1.22521453453579
1.4694047458056
1.21408109716942
1.21339851199078
1.46357155091459
1.4170857416591
0.936927199541336
1.20012771845167
1.4257664363941
1.51093932416708
1.18600627771036
6.51198336078147
1.6375658882494
6.72054232402602
3.03482499924721
0.77952882243079
1.16405825680382
1.16321500398676
1.1165840781996
1.10844448526013
3.56179609772256
1.11570091377223
2.84951156821272
1.10430419388314
1.14828800440081
1.14523753241817
1.14034246969603
1.12180991950399
1.10628743097261
1.11396577518698
1.13681995598136
1.13472375884446
1.70029582364865
2.57225329541752
1.53375300772849
1.0758967909867
1.74973998083239
1.05973956093978
1.06247623379159
2.6173848048326
1.09377301651164
1.08744034774641
0.887179530549361
1.08538937686928
1.0840612994311
1.0836197734467
2.78664718824876
0.950412032745722
1.07460900635881
1.30749145568109
1.0737351678404
1.06620435487488
1.52422242432091
1.01814218501012
1.62809743464986
0.997913462475668
0.741196002421131
1.05702278240562
0.994508293252769
0.99198920351237
1.00851867233103
1.81760434583846
1.52345276792509
2.78879698783843
0.982222026991679
2.79512797535129
1.50338948454386
1.01565053785073
0.992922944242909
1.01242464682415
1.00498236180714
1.13520825934012
1.0037873883973
1.00079493658879
1.00005426393179
0.968531143087784
0.888849748646755
1.83805196484062
0.974205135629272
0.97873893201784
0.965579306565669
0.965579306565669
1.48737281139669
0.963368811126407
3.23229916279683
0.898268515729544
0.960427927831868
0.96005639664451
0.949646912525355
1.35676671296629
1.30225614830585
1.63599551154806
0.8788800220044
0.939308859177014
0.936819259934196
0.890008175937591
2.01449189003654
0.841326570234738
0.878467377726547
0.778968048479617
0.919960682248111
0.982686370726064
0.913584468660402
0.818243650797876
1.30967893979779
0.821515071505879
1.04290673122258
0.904674381816824
1.68140836372451
0.900288979260272
1.00656190977333
1.16828377199102
0.885511584496013
0.854884160521775
1.82773704615591
1.68877655906461
0.848873199047063
0.870745702974248
1.17377643144025
0.958264756754529
0.772834919873236
1.09374590775057
0.734009330012988
0.76582126584903
0.856733060220202
0.922848240714452
0.860307414145543
1.18166444892296
0.921237043257142
0.846077090856407
1.24394615164299
0.740359957014218
0.733737417152912
0.658606755314642
0.838191512364649
0.700085942399105
0.83664530399355
1.06499925823726
0.832911229060608
0.831566220992255
0.817728978457315
0.787223348846424
1.39265365060038
2.32796510553014
0.797574156980357
1.19325650045838
0.799830119649084
0.800793365468431
0.791101146172574
0.772543650584875
0.64183316486265
1.26672897388865
0.753382177833564
0.795040864333305
1.43979502114161
0.64046608153177
0.821516821139617
0.635064970259958
7.37259845661813
0.711219597294515
0.963863188409964
0.670823476152994
1.19629646693582
0.637055565165639
0.66370389920917
1.55931034101992
0.655210792002295
0.844352534552396
0.577910209390161
7.74843264612068
