lofk
0.94097767335004
1.19075511746322
1.52456640707322
0.977743624229605
1.35242617625609
1.1830746360447
1.23135738159292
1.24020836377779
1.06054204021015
1.14026947790584
1.00352628115304
1.04662756157326
0.94097767335004
1.03445796199735
1.18010970155256
1.05724139643883
1.02174776423768
0.924189025145896
1.07687736284951
0.873230066622458
1.20605327999375
1.15315097858184
1.10039416350469
0.931607206660866
1.05153751130857
0.962749671538795
0.969135685470038
1.05859609378794
0.950290431232767
1.02704933284733
1.02607631776487
0.875824412626423
1.01797334430301
1.08089325244871
0.993841508530831
1.04252047117925
1.08469772036543
1.45810719545119
1.0626050035344
0.932081770456784
0.978221374273828
1.42366311536753
1.43562822795713
1.62114135850151
1.0626050035344
1.00055752925598
1.11038847673545
1.12314254930085
0.932081770456784
1.00888570946349
1.00369073084127
0.927757521479623
1.09607600212017
0.995167308120248
1.03635641276932
0.978660670666263
0.939369803941969
1.01719710340916
1.28668547445032
1.09382985011759
1.02831028444769
0.953768836270017
0.943741789320814
0.978660670666263
1.16376275557776
1.18410849703211
1.11101904511372
1.16422912418903
1.46042145643299
1.01719710340916
1.13214986904086
0.983247028780246
1.04169352025434
1.04196908960435
0.9266691389367
1.01576251901996
0.992308799268983
0.954957580176999
1.03356222364591
1.01620361813137
1.01870078819817
0.965541278105011
1.08142286496552
0.980514659419511
1.0415769573529
1.07350722211518
0.947356599360807
1.00560707533907
1.02985888156287
0.98915632060128
0.981420924904562
0.979243865993359
0.999950887553287
1.10710192744069
1.2032363043394
1.11803075148291
0.895438131051399
0.981420924904562
1.08647696375678
1.06610232005649
1.21361793957421
1.35673014657913
1.05051684039965
1.19576437359226
1.11840787718118
0.968618628161875
1.02978576270216
0.846021220236558
0.950475772498283
1.03420862761647
0.840123686711606
1.05051684039965
1.05426743390422
1.16512887916038
1.04472318859141
1.00018806608283
1.36661996976275
1.03903522553818
1.05715909006596
1.11796584818412
1.05131903498513
1.13298805575889
1.16175010202116
1.26437845485572
1.31293279541575
1.11853090541567
1.18573448783132
1.13505541965613
1.36041435682538
1.03942204018628
1.10753856124251
1.28865448853803
1.25614448771765
1.36154037841636
1.07315514837726
1.01900684512858
0.95164035898064
0.983024244986779
1.22205961521861
1.07545412330595
0.969909440103247
1.033943879836
0.91875614564449
1.05868090899583
1.04187693831534
1.03375351652246
0.950848039223289
1.09020390085053
1.03821504161989
0.935849846899151
0.953290034350062
1.01404261969434
0.993595019298386
1.06862850996474
1.09520997729147
1.01578210100807
0.90127417721866
0.953290034350062
1.10689916464213
1.03719845000385
0.973573085693815
0.940227695471309
1.09605623044038
0.936138777544384
1.02387918516364
0.995953642528474
0.953957114778653
1.02415535705025
0.998084599121192
1.03266753980193
0.972371242524249
1.10271055890777
1.0251669448526
1.08500115252893
0.972371242524249
1.05678685980395
0.997950594949477
0.927649714508816
1.05826943758687
0.905568317238326
1.09896386898058
0.972371242524249
1.12495165891803
0.980780577438724
1.08605565400523
1.08196169151915
1.11604494581506
1.00869509803308
0.949525689449276
0.982269225050456
0.958450049175728
1.12304165755298
1.18788271961173
1.06168615392398
1.03745665733401
0.989346396601265
1.00743231129563
1.05184109596569
1.01554215094246
0.975808480264175
1.12896029001443
0.96543844519338
0.986803147368694
0.950423466455722
1.0769666038118
0.957866919116626
0.932721576360413
1.04270632835048
1.0647480344129
1.10631436347251
1.07471964894018
1.03942204018628
1.1313640321583
0.841193112388202
1.20636311365837
0.940284287202741
0.956526887238355
0.923210843558549
1.07845556471527
1.04167551027576
1.02618021586221
1.18108615752527
0.941993469249188
0.946575016537432
1.01189971427316
1.09502041445524
1.16309392688695
1.02867048590093
1.04390530399725
0.909533845703802
0.970782017534074
0.948760404699794
0.970782017534074
1.03340709025187
1.08769788438018
1.03529809371345
0.994776878438836
1.03529809371345
0.983353708323259
1.05245578660444
0.856698047547981
1.05542479646128
1.05935773335717
1.09720534183094
0.997665025496816
1.10580007513494
1.02850537722339
1.0335932517164
1.00007984725654
0.974490135086187
1.23922799356772
1.11080697630382
0.974490135086187
1.08113170972878
0.927339506934545
0.927339506934545
0.967970620131526
1.03870912164067
1.08780123130487
1.07644331514727
1.04514254423543
1.08048806290471
1.20676544922836
1.00017551386589
1.05439044648191
0.953665897223585
1.01651380808922
1.00237098982541
1.1508729446546
1.40935927432346
0.918483478678573
0.966187949495224
0.895989036691959
0.9818743434996
1.1158416782116
1.06111856489576
1.03098753542527
1.05439044648191
1.10180371802091
0.966187949495224
1.01823757156879
1.12098689594187
1.13300506728334
1.0494670289032
1.01329315220073
1.24533627884854
0.950893676578992
0.967560683516331
0.922147820351976
1.04246893463887
0.97582710606513
1.09666641196529
0.971942271974423
1.06729493484459
0.963763064487528
1.09264603083067
0.896973673344394
1.06295592900059
1.05358368979215
1.01095349149842
